Train : 0.9935271101935651 +- 0.011212967518934636
Validation : 0.9156952643491744 +- 0.025299923484300685
Test : 0.89381673563178 +- 0.021522707336485584