Train : 0.9874673934736216 +- 0.013403340394239682
Validation : 0.9275142063793145 +- 0.03670241050215642
Test : 0.8872031723883711 +- 0.05166197619813575