Train : 0.27774923537385426 +- 0.06748302560921765
Validation : 0.6187156674694723 +- 0.06686413174019282
Test : 0.6725047429871954 +- 0.08435786526450853